interesting locations to explore

xCenter = -1.2558081562179
yCenter = -0.38087748157101
domain = 0.011303445482483

xCenter = -0.86340997875238
yCenter = -0.27488519462645
domain = 0.00065364460966453

xCenter = -1.2487877699720
yCenter = 0.07179990006388
domain = 0.0011047709493061
